0.0    1.666085438740532 
0.01001001001001001    2.3019845025316656 
0.02002002002002002    2.3923251332420286 
0.03003003003003003    0.8529891011184665 
0.04004004004004004    0.6484228898107051 
0.050050050050050046    2.4867609790848126 
0.06006006006006006    1.3983304620557329 
0.07007007007007007    2.0218637178300556 
0.08008008008008008    0.8875847181826386 
0.09009009009009009    2.543167366454522 
0.10010010010010009    1.4189401739886498 
0.11011011011011011    0.7882947910560977 
0.12012012012012012    1.241702990018045 
0.13013013013013014    2.524585746025067 
0.14014014014014015    1.971784714263047 
0.15015015015015015    1.1815364698398962 
0.16016016016016016    3.4860394075308063 
0.17017017017017017    3.5785285417346415 
0.18018018018018017    3.0425866246343403 
0.19019019019019018    2.999756101373401 
0.20020020020020018    0.03434556076775408 
0.21021021021021022    1.2840064418336512 
0.22022022022022023    1.1795240137599787 
0.23023023023023023    4.624513515701171 
0.24024024024024024    2.1486512354900493 
0.2502502502502503    2.1818663471314723 
0.2602602602602603    3.3418795392319147 
0.2702702702702703    2.4783598239223 
0.2802802802802803    2.25731972976582 
0.2902902902902903    0.5510125923745921 
0.3003003003003003    1.7631202076247634 
0.3103103103103103    1.1592491966611056 
0.3203203203203203    1.909305165144056 
0.3303303303303303    1.013435655131263 
0.34034034034034033    1.757735338130487 
0.35035035035035034    3.5312476641043364 
0.36036036036036034    1.2928868926579713 
0.37037037037037035    2.3460205822826685 
0.38038038038038036    1.1632041306797758 
0.39039039039039036    1.4103998991205426 
0.40040040040040037    1.4178971826617852 
0.41041041041041043    2.72002322566804 
0.42042042042042044    2.3955300603298486 
0.43043043043043044    1.5112993737494096 
0.44044044044044045    3.3671655860096545 
0.45045045045045046    2.6968361410681534 
0.46046046046046046    4.130768374306871 
0.47047047047047047    2.0634227297852927 
0.4804804804804805    2.187025250911318 
0.4904904904904905    1.3417235969093713 
0.5005005005005005    2.096735625281834 
0.5105105105105106    1.6214708765317076 
0.5205205205205206    2.085166553111121 
0.5305305305305306    2.779654192643928 
0.5405405405405406    3.2400599272865094 
0.5505505505505506    1.4500358262673236 
0.5605605605605606    2.4507313324688296 
0.5705705705705706    1.628692347373377 
0.5805805805805806    2.8387895429674375 
0.5905905905905906    1.433085375570721 
0.6006006006006006    3.0646671820974962 
0.6106106106106106    4.204498264406081 
0.6206206206206206    2.4597828837843156 
0.6306306306306306    3.1767025167504155 
0.6406406406406406    2.2329872923358334 
0.6506506506506506    3.0449789454504854 
0.6606606606606606    2.448865801213115 
0.6706706706706707    3.703557276256749 
0.6806806806806807    1.4578162020149028 
0.6906906906906907    4.295070511633862 
0.7007007007007007    2.460718058762366 
0.7107107107107107    4.122530786229203 
0.7207207207207207    1.4683651480357856 
0.7307307307307307    2.803433508839367 
0.7407407407407407    2.3113869120909074 
0.7507507507507507    1.9748514442833236 
0.7607607607607607    4.3076226172324334 
0.7707707707707707    3.1979118793855887 
0.7807807807807807    2.229930219745751 
0.7907907907907907    4.975314675822044 
0.8008008008008007    4.892680578059605 
0.8108108108108109    3.2121571025400972 
0.8208208208208209    3.198485387873845 
0.8308308308308309    3.0137598517130813 
0.8408408408408409    2.3300219666633692 
0.8508508508508509    2.596719448899596 
0.8608608608608609    4.086309780140586 
0.8708708708708709    1.0214774373483464 
0.8808808808808809    3.590762655432587 
0.8908908908908909    1.989171848450777 
0.9009009009009009    4.153136069193652 
0.9109109109109109    1.9861165616318261 
0.9209209209209209    3.552081019314341 
0.9309309309309309    2.7661125623256333 
0.9409409409409409    3.6175371407091563 
0.950950950950951    4.136646197017602 
0.960960960960961    4.438540463223001 
0.970970970970971    3.531456937207641 
0.980980980980981    2.396025130496592 
0.990990990990991    3.9023879314227963 
1.001001001001001    3.6883819139192173 
1.011011011011011    1.9882770651861372 
1.021021021021021    3.4572653216085842 
1.031031031031031    3.5749301496324626 
1.0410410410410411    4.242039484521384 
1.0510510510510511    4.240846587266126 
1.0610610610610611    3.7439234389801612 
1.0710710710710711    5.815304672845787 
1.0810810810810811    3.6926624236730183 
1.0910910910910911    4.255290344625925 
1.1011011011011012    2.5708021230778915 
1.1111111111111112    2.6594834668511087 
1.1211211211211212    5.6695765412645995 
1.1311311311311312    2.9057184694029883 
1.1411411411411412    3.5516838166694944 
1.1511511511511512    5.544361776778204 
1.1611611611611612    5.0799968201622345 
1.1711711711711712    4.79296982438904 
1.1811811811811812    3.349477724891745 
1.1911911911911912    3.886277569200308 
1.2012012012012012    3.9100808385535863 
1.2112112112112112    3.39733130698008 
1.2212212212212212    5.785594525971181 
1.2312312312312312    3.5034354712399027 
1.2412412412412412    4.648100085681101 
1.2512512512512513    6.1900098825930545 
1.2612612612612613    4.508393733937966 
1.2712712712712713    4.681795310754292 
1.2812812812812813    4.556082095431002 
1.2912912912912913    3.4874203052214603 
1.3013013013013013    4.963728702712564 
1.3113113113113113    3.7800071085200138 
1.3213213213213213    4.701702389294711 
1.3313313313313313    4.6033591536987775 
1.3413413413413413    5.073980391546381 
1.3513513513513513    5.813493417489042 
1.3613613613613613    3.076763343368121 
1.3713713713713713    4.283104010079527 
1.3813813813813813    4.360239084161856 
1.3913913913913913    4.218204199300643 
1.4014014014014013    4.112962066458428 
1.4114114114114114    3.9993528490657315 
1.4214214214214214    4.019797999840858 
1.4314314314314314    3.6457415307037095 
1.4414414414414414    3.9698538970183206 
1.4514514514514514    2.1998627510274527 
1.4614614614614614    5.401008503713461 
1.4714714714714714    5.138702953918136 
1.4814814814814814    4.884557978026505 
1.4914914914914914    4.263402360990456 
1.5015015015015014    6.896955022179773 
1.5115115115115114    2.4637682127886342 
1.5215215215215214    4.42189889438135 
1.5315315315315314    3.3934696038020773 
1.5415415415415414    4.311144498966523 
1.5515515515515514    3.0545744400462604 
1.5615615615615615    3.620681655209039 
1.5715715715715715    4.93866039189384 
1.5815815815815815    3.9747202580053935 
1.5915915915915915    4.39032509800489 
1.6016016016016015    4.860380176773209 
1.6116116116116117    4.578366690928429 
1.6216216216216217    6.27072485981721 
1.6316316316316317    4.517930629934523 
1.6416416416416417    7.0160924464794885 
1.6516516516516517    5.46541648436129 
1.6616616616616617    4.860205286887347 
1.6716716716716717    3.930422410879848 
1.6816816816816818    3.874017179349445 
1.6916916916916918    5.204264288188344 
1.7017017017017018    6.056563653043417 
1.7117117117117118    4.985869829089237 
1.7217217217217218    4.341449447336801 
1.7317317317317318    4.928972743504982 
1.7417417417417418    7.288742304624263 
1.7517517517517518    5.066105568944325 
1.7617617617617618    5.261909515758874 
1.7717717717717718    6.201483788571742 
1.7817817817817818    3.9238060951172256 
1.7917917917917918    6.699016657820058 
1.8018018018018018    3.8987678542387014 
1.8118118118118118    6.636879808458177 
1.8218218218218218    5.644262867554995 
1.8318318318318318    5.623952420306915 
1.8418418418418419    3.7652371794032797 
1.8518518518518519    5.795623583576157 
1.8618618618618619    7.206923560059597 
1.8718718718718719    6.343716369453365 
1.8818818818818819    6.342698496436192 
1.8918918918918919    2.070161296496841 
1.901901901901902    6.58526621828115 
1.911911911911912    3.6486400485831343 
1.921921921921922    4.4791580201553485 
1.931931931931932    4.320241879582375 
1.941941941941942    6.000338310342231 
1.951951951951952    4.977571789053967 
1.961961961961962    7.114731704480819 
1.971971971971972    3.319883397918716 
1.981981981981982    6.161324101720906 
1.991991991991992    5.597874394693739 
2.002002002002002    6.418568298664709 
2.012012012012012    6.085624837103485 
2.022022022022022    4.550443571924411 
2.032032032032032    5.695745158604652 
2.042042042042042    5.325451711577295 
2.052052052052052    3.9932238678625516 
2.062062062062062    6.003168371347409 
2.0720720720720722    4.944266056095462 
2.0820820820820822    6.448501760670721 
2.0920920920920922    5.755330453070657 
2.1021021021021022    6.287451482076221 
2.1121121121121122    5.007018374772747 
2.1221221221221223    4.5469274284231 
2.1321321321321323    6.723174407475982 
2.1421421421421423    5.39736227735226 
2.1521521521521523    7.053440450964188 
2.1621621621621623    6.528185648051561 
2.1721721721721723    6.226117427539619 
2.1821821821821823    6.1437137977641205 
2.1921921921921923    6.663282485362646 
2.2022022022022023    5.005855428545419 
2.2122122122122123    5.146847674661633 
2.2222222222222223    5.39886033809479 
2.2322322322322323    6.202968713808564 
2.2422422422422423    6.316208585204523 
2.2522522522522523    6.422885683906104 
2.2622622622622623    5.189607031538406 
2.2722722722722724    3.9474270165172443 
2.2822822822822824    7.309360602145989 
2.2922922922922924    7.151480059450581 
2.3023023023023024    6.064542603232291 
2.3123123123123124    6.430405777182644 
2.3223223223223224    5.096237104080768 
2.3323323323323324    6.110289687982748 
2.3423423423423424    6.314361113568531 
2.3523523523523524    5.836314221312272 
2.3623623623623624    6.893824299294775 
2.3723723723723724    5.2465348199222515 
2.3823823823823824    5.583197121143212 
2.3923923923923924    7.248649263298115 
2.4024024024024024    7.51721277674851 
2.4124124124124124    6.248226234976272 
2.4224224224224224    6.235614000267916 
2.4324324324324325    3.479885488184664 
2.4424424424424425    5.189029501036584 
2.4524524524524525    5.756619231719251 
2.4624624624624625    4.774179519770202 
2.4724724724724725    8.978959175434094 
2.4824824824824825    5.939798502432525 
2.4924924924924925    6.688566327645576 
2.5025025025025025    5.838453975301819 
2.5125125125125125    6.135747313991502 
2.5225225225225225    8.570040636718772 
2.5325325325325325    6.467885346392474 
2.5425425425425425    6.715253168014794 
2.5525525525525525    6.082151645190562 
2.5625625625625625    7.629306224708646 
2.5725725725725725    7.62522555512899 
2.5825825825825826    5.894346841167423 
2.5925925925925926    6.69305974894899 
2.6026026026026026    7.393036726359958 
2.6126126126126126    6.221561284211211 
2.6226226226226226    5.186537030404114 
2.6326326326326326    8.443471513873694 
2.6426426426426426    6.66580066903515 
2.6526526526526526    7.309540997621557 
2.6626626626626626    6.0318741533462585 
2.6726726726726726    7.012449886177131 
2.6826826826826826    6.312365173753142 
2.6926926926926926    7.294910435766471 
2.7027027027027026    8.71561065015133 
2.7127127127127126    8.177028862006555 
2.7227227227227226    7.4515977196444 
2.7327327327327327    6.335336796732086 
2.7427427427427427    7.907161386704022 
2.7527527527527527    7.876035415199926 
2.7627627627627627    6.645864255438249 
2.7727727727727727    8.291336774258122 
2.7827827827827827    6.506046185775183 
2.7927927927927927    5.724200315090657 
2.8028028028028027    7.688155015051605 
2.8128128128128127    6.481066912477533 
2.8228228228228227    6.476625394429402 
2.8328328328328327    5.7241795368627875 
2.8428428428428427    6.60050506606305 
2.8528528528528527    9.2411471988314 
2.8628628628628627    7.6916587402798395 
2.8728728728728727    7.962235633852759 
2.8828828828828827    8.346847483557616 
2.8928928928928928    9.489661816247718 
2.9029029029029028    7.158325892200457 
2.9129129129129128    5.970612697399386 
2.9229229229229228    6.7947464023122786 
2.932932932932933    7.960687736652561 
2.942942942942943    7.333581052597375 
2.952952952952953    7.933293041413404 
2.962962962962963    5.554087717558111 
2.972972972972973    7.33291040334756 
2.982982982982983    6.798787817376769 
2.992992992992993    5.966136314965638 
3.003003003003003    7.535042574148302 
3.013013013013013    6.848050860286545 
3.023023023023023    8.292058412444572 
3.033033033033033    6.356515287523832 
3.043043043043043    6.872626975722053 
3.053053053053053    6.042429625331336 
3.063063063063063    8.993861077229306 
3.073073073073073    7.27790332960908 
3.083083083083083    6.316075140559749 
3.093093093093093    8.277295839669996 
3.103103103103103    10.836848404426522 
3.113113113113113    9.252159412984751 
3.123123123123123    8.586805008548517 
3.133133133133133    7.819381399963457 
3.143143143143143    8.193659461544588 
3.153153153153153    7.72855589814888 
3.163163163163163    8.285562703320185 
3.173173173173173    8.963675659220561 
3.183183183183183    7.077994044396007 
3.193193193193193    7.387418528621194 
3.203203203203203    9.371598590296127 
3.2132132132132134    8.28366451559866 
3.2232232232232234    8.879091864143774 
3.2332332332332334    7.63590080707271 
3.2432432432432434    8.64243581714597 
3.2532532532532534    8.0831838893849 
3.2632632632632634    10.579257502100191 
3.2732732732732734    8.23766630571253 
3.2832832832832834    10.320763610437346 
3.2932932932932935    8.434803434887474 
3.3033033033033035    6.201444953062611 
3.3133133133133135    8.220139129232178 
3.3233233233233235    7.209117500971131 
3.3333333333333335    8.543694643873993 
3.3433433433433435    6.0635048959176805 
3.3533533533533535    6.979459768844043 
3.3633633633633635    8.627269450837781 
3.3733733733733735    10.826193005019729 
3.3833833833833835    9.136969367993238 
3.3933933933933935    7.400279174452184 
3.4034034034034035    6.568340211228527 
3.4134134134134135    5.7232038103585445 
3.4234234234234235    7.4068541962442564 
3.4334334334334335    8.552858994708856 
3.4434434434434436    6.625593981095976 
3.4534534534534536    8.516824564135087 
3.4634634634634636    9.997435444279514 
3.4734734734734736    8.589444103559805 
3.4834834834834836    8.372510894893516 
3.4934934934934936    9.043527711083161 
3.5035035035035036    9.49773262091549 
3.5135135135135136    7.111246691925672 
3.5235235235235236    8.518159074793374 
3.5335335335335336    9.210432281723769 
3.5435435435435436    8.773967733327247 
3.5535535535535536    7.40872380176088 
3.5635635635635636    9.082486735762474 
3.5735735735735736    9.1921351932305 
3.5835835835835836    9.094475461848601 
3.5935935935935936    10.958313550950955 
3.6036036036036037    9.465448623736105 
3.6136136136136137    9.315390784591067 
3.6236236236236237    8.911957141852422 
3.6336336336336337    7.337998059341071 
3.6436436436436437    7.580197564571006 
3.6536536536536537    7.905330256858668 
3.6636636636636637    8.23249217077439 
3.6736736736736737    9.95216684173365 
3.6836836836836837    9.682779300734294 
3.6936936936936937    8.557149546491852 
3.7037037037037037    8.84616588094113 
3.7137137137137137    10.946312836557805 
3.7237237237237237    8.285468190512876 
3.7337337337337337    7.726435326089764 
3.7437437437437437    8.97615164498606 
3.7537537537537538    10.262416476240466 
3.7637637637637638    7.692099212887846 
3.7737737737737738    9.576695574733519 
3.7837837837837838    8.612815761021766 
3.793793793793794    11.22392479553608 
3.803803803803804    8.399035542870259 
3.813813813813814    10.105951844326366 
3.823823823823824    7.1596392965993925 
3.833833833833834    10.009196236993699 
3.843843843843844    8.299693213409217 
3.853853853853854    8.775157807114631 
3.863863863863864    8.480488018278601 
3.873873873873874    9.974351812816991 
3.883883883883884    10.872762742633501 
3.893893893893894    8.566921670302374 
3.903903903903904    10.569837878270022 
3.913913913913914    9.830143505166427 
3.923923923923924    9.384908423269122 
3.933933933933934    8.427915826948592 
3.943943943943944    9.249322823142787 
3.953953953953954    9.161333867550006 
3.963963963963964    9.597471505573768 
3.973973973973974    9.22671987011925 
3.983983983983984    8.1422795210192 
3.993993993993994    9.714490031582418 
4.004004004004004    9.29036781428494 
4.014014014014014    10.829594285728078 
4.024024024024024    9.52125922925713 
4.034034034034034    9.661362383684075 
4.044044044044044    7.512378239085514 
4.054054054054054    9.299890866562178 
4.064064064064064    8.897904152932872 
4.074074074074074    10.274473677339044 
4.084084084084084    9.811279031047128 
4.094094094094094    9.771240768066848 
4.104104104104104    11.24422110287563 
4.114114114114114    9.974829547226914 
4.124124124124124    10.984303490708111 
4.134134134134134    8.58857517515386 
4.1441441441441444    9.695418848574063 
4.1541541541541545    8.9296135530944 
4.1641641641641645    9.568511101132552 
4.1741741741741745    9.77395519656316 
4.1841841841841845    10.878872436168923 
4.1941941941941945    10.060128116553228 
4.2042042042042045    11.223410765527344 
4.2142142142142145    9.102457613950131 
4.2242242242242245    9.90470250949662 
4.2342342342342345    10.629945108295988 
4.2442442442442445    10.196117929806338 
4.2542542542542545    10.299920907877251 
4.2642642642642645    9.909152299407385 
4.2742742742742745    8.305720735284334 
4.2842842842842845    8.217917718489982 
4.2942942942942945    10.855747802252791 
4.3043043043043046    8.310271940391747 
4.314314314314315    11.055047279207379 
4.324324324324325    7.832723246176893 
4.334334334334335    11.346477141532942 
4.344344344344345    11.960840757211383 
4.354354354354355    11.297999897155755 
4.364364364364365    9.600249640602888 
4.374374374374375    11.11050902416396 
4.384384384384385    10.044322185792314 
4.394394394394395    10.17797637383471 
4.404404404404405    8.825013650144758 
4.414414414414415    10.292996460744876 
4.424424424424425    10.01616337506441 
4.434434434434435    9.2991558328218 
4.444444444444445    10.275921796514874 
4.454454454454455    10.642676774468102 
4.464464464464465    10.197415879981001 
4.474474474474475    7.547798891200318 
4.484484484484485    9.39205671067921 
4.494494494494495    9.431890838338257 
4.504504504504505    9.986524290778547 
4.514514514514515    9.813573826088273 
4.524524524524525    7.899432435617159 
4.534534534534535    10.686738796636105 
4.544544544544545    12.364162013584039 
4.554554554554555    9.056558798577079 
4.564564564564565    10.573811533328612 
4.574574574574575    9.829052362502798 
4.584584584584585    11.537617495409167 
4.594594594594595    10.137446643331154 
4.604604604604605    9.48863316396551 
4.614614614614615    9.557310007446647 
4.624624624624625    10.75393210715728 
4.634634634634635    9.605670185567973 
4.644644644644645    11.26473436294992 
4.654654654654655    10.465762141016388 
4.664664664664665    11.136103318030406 
4.674674674674675    9.040704896528135 
4.684684684684685    9.36283440818854 
4.694694694694695    10.996196377710012 
4.704704704704705    9.49825055872536 
4.714714714714715    11.8911851490746 
4.724724724724725    11.648928677355034 
4.734734734734735    11.583402585832694 
4.744744744744745    10.534546882814375 
4.754754754754755    9.641322807491068 
4.764764764764765    11.441302805845837 
4.774774774774775    13.031528147268501 
4.784784784784785    9.928967397372062 
4.794794794794795    12.904050924162984 
4.804804804804805    12.836399662775879 
4.814814814814815    12.809345506647464 
4.824824824824825    11.230256270298995 
4.834834834834835    13.079087648055397 
4.844844844844845    10.663281591989417 
4.854854854854855    12.225926423950195 
4.864864864864865    12.231678982512125 
4.874874874874875    11.485309128285813 
4.884884884884885    9.63366077247898 
4.894894894894895    11.115893414872028 
4.904904904904905    10.841870136112199 
4.914914914914915    10.881859603334437 
4.924924924924925    10.494412704516257 
4.934934934934935    11.967934216795818 
4.944944944944945    13.206122944716707 
4.954954954954955    13.333072108868569 
4.964964964964965    11.542330087194557 
4.974974974974975    13.04273327604188 
4.984984984984985    10.400721407881658 
4.994994994994995    12.560262113498794 
5.005005005005005    11.023349191366275 
5.015015015015015    12.058607146168375 
5.025025025025025    12.34991761071639 
5.035035035035035    12.183364306688235 
5.045045045045045    11.878043046899592 
5.055055055055055    11.862694576499793 
5.065065065065065    10.912440204412206 
5.075075075075075    13.250427697577944 
5.085085085085085    9.836172915311144 
5.095095095095095    11.892667083075006 
5.105105105105105    11.198333562835286 
5.115115115115115    11.82691817210845 
5.125125125125125    10.816463558140963 
5.135135135135135    12.488792842119102 
5.145145145145145    9.492426034804824 
5.155155155155155    11.772486475449844 
5.165165165165165    12.450031353030358 
5.175175175175175    13.019186017470348 
5.185185185185185    11.77069179088783 
5.195195195195195    11.03324822050454 
5.205205205205205    13.019577962018037 
5.215215215215215    11.839359283746221 
5.225225225225225    10.385205690294644 
5.235235235235235    12.319566112467424 
5.245245245245245    12.380110960904869 
5.255255255255255    11.90936864474839 
5.265265265265265    9.912220076400732 
5.275275275275275    11.080866315882261 
5.285285285285285    12.250783562925431 
5.295295295295295    10.357601522276934 
5.305305305305305    13.49705164617086 
5.315315315315315    11.255786217607895 
5.325325325325325    11.405826319713375 
5.335335335335335    13.762064700063553 
5.345345345345345    10.804363969789879 
5.355355355355355    11.485162834881956 
5.365365365365365    12.71833751621908 
5.375375375375375    12.646369071686566 
5.385385385385385    12.194917278582507 
5.395395395395395    13.575957001432162 
5.405405405405405    13.40656552372421 
5.415415415415415    12.640828607459714 
5.425425425425425    12.311749954145373 
5.435435435435435    12.225387109872218 
5.445445445445445    13.494759902957846 
5.455455455455455    12.872196190483114 
5.465465465465465    13.647194185029864 
5.475475475475475    12.853245425544525 
5.485485485485485    12.834507062180485 
5.495495495495495    11.325527336521258 
5.505505505505505    12.933100092747118 
5.515515515515515    13.213295847658472 
5.525525525525525    12.926701155792049 
5.535535535535535    13.112714340424406 
5.545545545545545    13.803856343319653 
5.555555555555555    12.370300838258297 
5.565565565565565    12.377948470416653 
5.575575575575575    13.093040701936056 
5.585585585585585    11.599509475061222 
5.595595595595595    13.180620379698752 
5.605605605605605    13.022202525981974 
5.615615615615615    11.962044686213845 
5.625625625625625    13.457168305543082 
5.635635635635635    13.172737893289305 
5.645645645645645    11.4399760184863 
5.655655655655655    12.91900960585683 
5.665665665665665    14.449883884360306 
5.675675675675675    12.835915608329383 
5.685685685685685    13.346421405411725 
5.6956956956956954    14.917402775249624 
5.7057057057057055    13.831976660353261 
5.7157157157157155    15.364011822573413 
5.7257257257257255    11.928112337586942 
5.7357357357357355    11.87529499806443 
5.7457457457457455    12.68988636878458 
5.7557557557557555    13.299377459111845 
5.7657657657657655    12.907923363754518 
5.7757757757757755    12.82529066199696 
5.7857857857857855    13.076133800501035 
5.7957957957957955    12.72597059045904 
5.8058058058058055    13.099779516409882 
5.8158158158158155    14.509811388600252 
5.8258258258258255    12.708039016661925 
5.8358358358358355    13.106010904388317 
5.8458458458458455    12.997019227159543 
5.8558558558558556    13.48014609484808 
5.865865865865866    13.572830775929706 
5.875875875875876    12.778270965036306 
5.885885885885886    13.41567433411662 
5.895895895895896    12.576191497486539 
5.905905905905906    13.058885009912787 
5.915915915915916    12.303242325771862 
5.925925925925926    12.381949648572947 
5.935935935935936    13.501425224315692 
5.945945945945946    13.672523031961484 
5.955955955955956    14.17194108230513 
5.965965965965966    12.464351882275102 
5.975975975975976    12.770906008106595 
5.985985985985986    14.836610682683858 
5.995995995995996    13.63168873893799 
6.006006006006006    12.76764321907161 
6.016016016016016    13.781724711266623 
6.026026026026026    13.16194079242529 
6.036036036036036    14.314683048871338 
6.046046046046046    12.897129316898218 
6.056056056056056    13.29388448780216 
6.066066066066066    14.834765229407266 
6.076076076076076    11.634469111285197 
6.086086086086086    13.853402594513458 
6.096096096096096    15.018170099436402 
6.106106106106106    13.433613547688822 
6.116116116116116    13.67892171556623 
6.126126126126126    13.366269452062388 
6.136136136136136    13.556260063994955 
6.146146146146146    14.832005746503869 
6.156156156156156    12.882932826950595 
6.166166166166166    14.113605673798235 
6.176176176176176    14.556939195193836 
6.186186186186186    12.324399608607022 
6.196196196196196    12.821742144686787 
6.206206206206206    12.358910586495087 
6.216216216216216    15.13597486506768 
6.226226226226226    13.229688812209568 
6.236236236236236    14.559818536152031 
6.246246246246246    13.623295054866563 
6.256256256256256    13.502918183275096 
6.266266266266266    15.402621189597609 
6.276276276276276    13.9886256908585 
6.286286286286286    14.160844803388429 
6.296296296296296    14.295596784879741 
6.306306306306306    14.487598285663038 
6.316316316316316    15.881014247771354 
6.326326326326326    13.894598301397702 
6.336336336336336    13.317490232694864 
6.346346346346346    14.69265795297528 
6.356356356356356    14.278372861838442 
6.366366366366366    13.378132480815887 
6.376376376376376    14.464231554879744 
6.386386386386386    15.486394815562823 
6.396396396396396    14.852105783607783 
6.406406406406406    14.756231597835104 
6.416416416416417    12.068130625858256 
6.426426426426427    14.334541230647071 
6.436436436436437    13.331641222072799 
6.446446446446447    15.55378058311604 
6.456456456456457    14.892410519301775 
6.466466466466467    15.600663351918342 
6.476476476476477    14.920405361009566 
6.486486486486487    13.99758592052088 
6.496496496496497    14.294265651553337 
6.506506506506507    13.070033886018468 
6.516516516516517    13.727300986020577 
6.526526526526527    14.49884278553439 
6.536536536536537    14.961562715536086 
6.546546546546547    15.978055544793012 
6.556556556556557    14.752484825224691 
6.566566566566567    14.384790537241228 
6.576576576576577    15.934312625769591 
6.586586586586587    15.518306056984988 
6.596596596596597    13.95260332830733 
6.606606606606607    13.187298369828875 
6.616616616616617    16.024759591127545 
6.626626626626627    16.02546424848838 
6.636636636636637    15.607377724562497 
6.646646646646647    14.519166671695519 
6.656656656656657    13.103857543489625 
6.666666666666667    16.978509121387116 
6.676676676676677    13.824684818804508 
6.686686686686687    16.05533911183098 
6.696696696696697    14.059657424495835 
6.706706706706707    17.64064113185488 
6.716716716716717    13.939683946999969 
6.726726726726727    13.476339721014392 
6.736736736736737    15.94529074189425 
6.746746746746747    15.355171388187221 
6.756756756756757    13.83162705498487 
6.766766766766767    16.862185662590075 
6.776776776776777    13.747928110061368 
6.786786786786787    14.641880420803682 
6.796796796796797    15.368964291369272 
6.806806806806807    14.161457513408958 
6.816816816816817    14.924309703438194 
6.826826826826827    15.329407562238378 
6.836836836836837    15.180677555870446 
6.846846846846847    15.453107825131225 
6.856856856856857    13.694034307051643 
6.866866866866867    15.76177890567336 
6.876876876876877    15.188966931754322 
6.886886886886887    16.250620287390333 
6.896896896896897    15.437008957037014 
6.906906906906907    14.901450363548136 
6.916916916916917    15.420420067732072 
6.926926926926927    16.610395306141886 
6.936936936936937    15.797892643106591 
6.946946946946947    13.519609255753226 
6.956956956956957    16.596462673325192 
6.966966966966967    15.479567070238785 
6.976976976976977    15.68917270425313 
6.986986986986987    15.31577575443103 
6.996996996996997    15.613289980492521 
7.007007007007007    12.86636783942829 
7.017017017017017    15.962328518350748 
7.027027027027027    15.687527899242173 
7.037037037037037    14.856622596206423 
7.047047047047047    13.422153287380727 
7.057057057057057    13.6706579660582 
7.067067067067067    15.010610715459324 
7.077077077077077    14.933849364895945 
7.087087087087087    16.72316440621953 
7.097097097097097    14.18671907676589 
7.107107107107107    16.588862897500523 
7.117117117117117    14.74160800071239 
7.127127127127127    15.172959395466853 
7.137137137137137    14.039313402157804 
7.147147147147147    15.379656790124073 
7.157157157157157    16.256387624814572 
7.167167167167167    17.12146417768776 
7.177177177177177    14.50147242997466 
7.187187187187187    16.184149484030293 
7.197197197197197    16.286521709193117 
7.207207207207207    14.935796307947097 
7.217217217217217    16.17502242387242 
7.227227227227227    14.922188627591987 
7.237237237237237    15.3838323773474 
7.247247247247247    17.749774007159047 
7.257257257257257    17.02020450739886 
7.267267267267267    18.300933191308253 
7.277277277277277    14.998510750664373 
7.287287287287287    17.95610358800202 
7.297297297297297    17.751612110771912 
7.307307307307307    15.311741869242754 
7.317317317317317    15.0602735557935 
7.327327327327327    16.142004247864676 
7.337337337337337    15.140771377051612 
7.347347347347347    17.178968331702404 
7.357357357357357    16.26239519178234 
7.367367367367367    16.08963990021746 
7.377377377377377    18.134401817856286 
7.387387387387387    16.759661775704306 
7.397397397397397    15.960098129611959 
7.407407407407407    14.930460271547783 
7.4174174174174174    16.619186309846476 
7.4274274274274275    17.039121592142184 
7.4374374374374375    15.561908521541305 
7.4474474474474475    16.514989005969493 
7.4574574574574575    16.515300146119248 
7.4674674674674675    13.239250194428106 
7.4774774774774775    16.343303738520387 
7.4874874874874875    15.96862702659011 
7.4974974974974975    16.699633366604527 
7.5075075075075075    15.03371386285908 
7.5175175175175175    14.271037034323717 
7.5275275275275275    16.210148512713225 
7.5375375375375375    16.900073215314656 
7.5475475475475475    16.48675820065437 
7.5575575575575575    16.764497315296804 
7.5675675675675675    15.392894946909264 
7.5775775775775776    15.716847856071558 
7.587587587587588    17.19390181166006 
7.597597597597598    16.739091653161722 
7.607607607607608    17.228823327672078 
7.617617617617618    17.634451456389613 
7.627627627627628    16.662312127325254 
7.637637637637638    14.717054259480873 
7.647647647647648    16.815914562802565 
7.657657657657658    15.904497641702738 
7.667667667667668    15.219654538775313 
7.677677677677678    16.19758118754457 
7.687687687687688    16.459346015849874 
7.697697697697698    16.612359858882996 
7.707707707707708    16.894564506326134 
7.717717717717718    16.97490832057609 
7.727727727727728    18.27709104379729 
7.737737737737738    19.442677931761622 
7.747747747747748    17.01285063141434 
7.757757757757758    17.37233241876133 
7.767767767767768    16.969880934370664 
7.777777777777778    16.992112139977202 
7.787787787787788    15.693469579451124 
7.797797797797798    16.948423774545375 
7.807807807807808    17.930366940777937 
7.817817817817818    17.49703032672127 
7.827827827827828    16.658644535444274 
7.837837837837838    17.94119348645814 
7.847847847847848    17.43275830025948 
7.857857857857858    16.78382065921435 
7.867867867867868    17.779644412050203 
7.877877877877878    17.230472629643312 
7.887887887887888    16.687909747296555 
7.897897897897898    16.34913056225495 
7.907907907907908    16.96035508198089 
7.917917917917918    17.984746491866698 
7.927927927927928    15.122604936418833 
7.937937937937938    17.35784504726815 
7.947947947947948    16.245410346868354 
7.957957957957958    16.986193690622272 
7.967967967967968    17.557481953032383 
7.977977977977978    18.052958124994348 
7.987987987987988    16.99433477360516 
7.997997997997998    17.35987814394272 
8.008008008008009    18.037291227882818 
8.018018018018019    17.491773537952994 
8.028028028028029    17.989156642784188 
8.038038038038039    17.974841889802974 
8.048048048048049    17.23553914892606 
8.058058058058059    15.012066082812256 
8.068068068068069    18.105059497917704 
8.078078078078079    18.33532812926868 
8.088088088088089    19.121651529644737 
8.098098098098099    18.525303902192867 
8.108108108108109    17.20800726409726 
8.118118118118119    17.949267295135055 
8.128128128128129    18.08817201166829 
8.138138138138139    18.101169954186947 
8.148148148148149    18.89569008795901 
8.158158158158159    19.801530389187597 
8.168168168168169    15.361200201534349 
8.178178178178179    18.45390886836104 
8.188188188188189    16.89380551334716 
8.198198198198199    16.156041907625145 
8.208208208208209    17.31059883448737 
8.218218218218219    17.6080608588978 
8.228228228228229    18.749838233349614 
8.238238238238239    18.492791664889754 
8.248248248248249    16.355466266629016 
8.258258258258259    18.119006871386578 
8.268268268268269    17.628274016545845 
8.278278278278279    18.817747493381162 
8.288288288288289    17.440398661064737 
8.298298298298299    18.57392279759752 
8.308308308308309    18.49230863099277 
8.318318318318319    18.318199885154847 
8.328328328328329    15.787960507163389 
8.338338338338339    20.026622996869055 
8.348348348348349    17.837440396838673 
8.358358358358359    17.611358385486252 
8.368368368368369    18.264253880629603 
8.378378378378379    17.747758271695908 
8.388388388388389    19.300568492707022 
8.398398398398399    17.802151351084248 
8.408408408408409    18.39033972229371 
8.418418418418419    18.49506938901885 
8.428428428428429    17.130192300882676 
8.438438438438439    20.375712744074754 
8.448448448448449    20.70029624905517 
8.458458458458459    18.781290308400713 
8.468468468468469    19.025392005531984 
8.478478478478479    18.68075655578099 
8.488488488488489    17.475485846439046 
8.498498498498499    17.849379376889225 
8.508508508508509    19.298354920594537 
8.518518518518519    19.342499858676995 
8.528528528528529    18.902085369791067 
8.538538538538539    18.122175996958955 
8.548548548548549    19.0860003569996 
8.558558558558559    19.696668117571726 
8.568568568568569    19.127336507668346 
8.578578578578579    18.5931519418387 
8.588588588588589    19.24640217294197 
8.598598598598599    18.458533967900102 
8.608608608608609    18.33916822991501 
8.618618618618619    19.46354595243172 
8.62862862862863    19.409334654835288 
8.63863863863864    18.288741814559227 
8.64864864864865    19.148110475405296 
8.65865865865866    18.472946283272968 
8.66866866866867    17.90389690939589 
8.67867867867868    17.41866761655316 
8.68868868868869    19.282440447169193 
8.6986986986987    19.38851466873998 
8.70870870870871    18.546818834815095 
8.71871871871872    19.923372606788806 
8.72872872872873    19.094804995108845 
8.73873873873874    20.53341588896592 
8.74874874874875    19.2553410682223 
8.75875875875876    19.382308430283448 
8.76876876876877    18.26016289128126 
8.77877877877878    19.5008513270037 
8.78878878878879    17.531074646538528 
8.7987987987988    17.61808271579486 
8.80880880880881    19.6538483741297 
8.81881881881882    19.60860742696237 
8.82882882882883    19.057977515841223 
8.83883883883884    19.441807961936217 
8.84884884884885    19.458881474582387 
8.85885885885886    17.522073664630195 
8.86886886886887    18.92530032676353 
8.87887887887888    21.755196058395224 
8.88888888888889    19.47382769602639 
8.8988988988989    19.580524544208185 
8.90890890890891    18.905279578353888 
8.91891891891892    19.914765001161207 
8.92892892892893    20.021915149120904 
8.93893893893894    19.908761182127357 
8.94894894894895    17.4254640918264 
8.95895895895896    19.487489629397608 
8.96896896896897    20.391529281559073 
8.97897897897898    18.191457088063594 
8.98898898898899    19.960205649861322 
8.998998998999    22.25907647544836 
9.00900900900901    18.563286264677348 
9.01901901901902    18.89225348784094 
9.02902902902903    20.387980861521413 
9.03903903903904    19.388274693513257 
9.04904904904905    19.481819120489956 
9.05905905905906    19.46212508676087 
9.06906906906907    19.658750012071895 
9.07907907907908    18.75741168519548 
9.08908908908909    20.100876132775813 
9.0990990990991    18.14039321097992 
9.10910910910911    19.501045008010152 
9.11911911911912    19.903881228829537 
9.12912912912913    21.26884643081768 
9.13913913913914    19.97231803848217 
9.14914914914915    19.47687119063685 
9.15915915915916    20.4307805298645 
9.16916916916917    17.9195265006054 
9.17917917917918    19.72043431450412 
9.18918918918919    18.784094736304258 
9.1991991991992    19.767644105014558 
9.20920920920921    21.463375618128126 
9.21921921921922    19.87868844822314 
9.22922922922923    19.129307547462503 
9.23923923923924    19.303776130377333 
9.24924924924925    19.76235978786297 
9.25925925925926    19.429374190441784 
9.26926926926927    20.97337161921594 
9.27927927927928    19.893923422502017 
9.28928928928929    20.55295190203998 
9.2992992992993    19.258245958909477 
9.30930930930931    18.330786308701086 
9.31931931931932    19.283798767541246 
9.32932932932933    19.25459529898045 
9.33933933933934    19.189512345472007 
9.34934934934935    20.70177415079611 
9.35935935935936    19.588102047357854 
9.36936936936937    21.40153074368578 
9.37937937937938    19.515621523662478 
9.38938938938939    21.247865333523848 
9.3993993993994    19.728212822141508 
9.40940940940941    19.974657176018138 
9.41941941941942    19.549535747248136 
9.42942942942943    19.73884414065124 
9.43943943943944    20.423684969053056 
9.44944944944945    21.469589916493685 
9.45945945945946    20.349333540214108 
9.46946946946947    20.06833293585837 
9.47947947947948    19.91333847541309 
9.48948948948949    17.50795322641779 
9.4994994994995    19.915564747343623 
9.50950950950951    22.34177717384827 
9.51951951951952    20.090065595408653 
9.52952952952953    20.256332773429342 
9.53953953953954    21.375912324924908 
9.54954954954955    20.247561926547867 
9.55955955955956    20.063937222482355 
9.56956956956957    21.110638788817344 
9.57957957957958    21.45485206299864 
9.58958958958959    22.12933054228921 
9.5995995995996    19.511584249020462 
9.60960960960961    21.331152874675723 
9.61961961961962    20.374373618828177 
9.62962962962963    21.447002628814747 
9.63963963963964    20.92443510514416 
9.64964964964965    19.325635748542844 
9.65965965965966    20.496539386120542 
9.66966966966967    20.550271370997674 
9.67967967967968    19.574241080047923 
9.68968968968969    20.453083566152507 
9.6996996996997    21.28232260152551 
9.70970970970971    22.631456821176233 
9.71971971971972    20.424175898834907 
9.72972972972973    21.041138236901027 
9.73973973973974    21.111752372217115 
9.74974974974975    22.100476033687748 
9.75975975975976    20.46603372266714 
9.76976976976977    19.371972008053355 
9.77977977977978    20.703419997332553 
9.78978978978979    21.831422524204765 
9.7997997997998    23.20633855357704 
9.80980980980981    20.692879672586713 
9.81981981981982    23.03477250217917 
9.82982982982983    23.273860273017004 
9.83983983983984    20.313722245211334 
9.84984984984985    19.292082542366344 
9.85985985985986    21.553018462630774 
9.86986986986987    23.227532427408093 
9.87987987987988    19.906640621968627 
9.88988988988989    19.882902760655902 
9.8998998998999    21.096268608037747 
9.90990990990991    19.071517281429408 
9.91991991991992    21.87467087815814 
9.92992992992993    21.00917752637686 
9.93993993993994    20.414375972528614 
9.94994994994995    21.621057186295253 
9.95995995995996    20.97944149816638 
9.96996996996997    21.222723008490785 
9.97997997997998    20.13703919218206 
9.98998998998999    21.115471672165622 
10.0    23.227267688309595 
