0.0     0.0 
0.0     0.0 
0.0     0.0 
0.0     0.0 
0.0     0.0 
0.0     0.0 
0.0     0.0 
0.0     0.0 
0.5     0.04190417267670341 
0.5     -0.006300326237662546 
0.5     0.10413140074353465 
0.5     0.061164061393422745 
0.5     0.020624469580110372 
0.5     -0.031380875856940806 
0.5     0.03619416089738934 
0.5     -0.04090478561973612 
1.0     0.042031947853067214 
1.0     0.02659211911348365 
1.0     0.13842831750449422 
1.0     0.10128293416483843 
1.0     0.030813287626193644 
1.0     0.020756650358185882 
1.0     0.040107665306696565 
1.0     -0.06664321458512319 
1.5     0.044426574378508124 
1.5     0.050861292325750186 
1.5     0.1809505976127781 
1.5     0.15353640911561542 
1.5     0.08151743064873784 
1.5     0.05699723213475352 
1.5     0.046410915460202776 
1.5     -0.08138677859220991 
2.0     0.05169118701620619 
2.0     0.03777660934547811 
2.0     0.21810006384854574 
2.0     0.14809284399187847 
2.0     0.11958708032324523 
2.0     0.025137315916862236 
2.0     0.09696159848439834 
2.0     -0.10737354966513807 
2.5     0.10238505110446283 
2.5     0.07708272289388703 
2.5     0.2537636585668594 
2.5     0.17358645401525338 
2.5     0.15098902014432128 
2.5     -0.0026945105592702137 
2.5     0.15959724636139186 
2.5     -0.15178864047855997 
3.0     0.15627159234327623 
3.0     0.05717997923430432 
3.0     0.2802573573084658 
3.0     0.21025315393019214 
3.0     0.16899174482008164 
3.0     0.02001549467367454 
3.0     0.18956842769064225 
3.0     -0.11571798850334432 
3.5     0.2224294261950206 
3.5     0.06271087198598053 
3.5     0.30393237934561057 
3.5     0.2507492345878859 
3.5     0.20262406854660356 
3.5     0.05249335111797962 
3.5     0.2532396226756745 
3.5     -0.08234614006147895 
4.0     0.26940043199566904 
4.0     0.043254537005577735 
4.0     0.4126190405185852 
4.0     0.23631751141971336 
4.0     0.2624568252867562 
4.0     0.13673794412190432 
4.0     0.31727678671428095 
4.0     -0.03376634738130946 
4.5     0.32833338958348013 
4.5     0.06551040806429427 
4.5     0.4520910619389838 
4.5     0.2644663160802594 
4.5     0.306759087654649 
4.5     0.15808884781874044 
4.5     0.3863077122555225 
4.5     -0.022891840469277724 
5.0     0.40102510361526245 
5.0     0.15423391294806807 
5.0     0.5223308805193909 
5.0     0.29627215977882315 
5.0     0.37026092392867727 
5.0     0.21672335685391886 
5.0     0.4199407944064859 
5.0     0.012126525424214663 
5.5     0.41404037747694816 
5.5     0.1837458662229736 
5.5     0.5316398251691397 
5.5     0.30591412814763147 
5.5     0.41259783508691755 
5.5     0.27377482299830547 
5.5     0.5031251824963988 
5.5     0.026665590949166075 
6.0     0.448038124831443 
6.0     0.2362031417582401 
6.0     0.5925887218278973 
6.0     0.3814420554427301 
6.0     0.44799549604531563 
6.0     0.24856988113290868 
6.0     0.632300345256904 
6.0     0.054435986867376586 
6.5     0.50728141920262 
6.5     0.31676178009169437 
6.5     0.6211366623601493 
6.5     0.3933147137907881 
6.5     0.5391431257174774 
6.5     0.3327303494275441 
6.5     0.6730213114295751 
6.5     0.09959664376489884 
7.0     0.5726636029332582 
7.0     0.3322597282739295 
7.0     0.7194143213449223 
7.0     0.4477121454072446 
7.0     0.532639824432502 
7.0     0.36619727960447224 
7.0     0.7683493732298502 
7.0     0.18307496950793764 
7.5     0.6586631557286098 
7.5     0.3908662255150603 
7.5     0.8417645755843239 
7.5     0.4939114339703281 
7.5     0.6231420319303482 
7.5     0.4086236051608495 
7.5     0.8835818872340568 
7.5     0.3046036303783666 
8.0     0.7913881216027279 
8.0     0.41459875549850694 
8.0     0.9017708250998567 
8.0     0.5755882530294514 
8.0     0.6407653258306397 
8.0     0.48127026374331766 
8.0     1.0001933428604048 
8.0     0.39269702918603144 
8.5     0.8718497810497837 
8.5     0.47530118600712257 
8.5     0.9710840471046396 
8.5     0.693447287422535 
8.5     0.688400917123289 
8.5     0.5338221460269523 
8.5     1.0978777321584772 
8.5     0.4924758411546563 
9.0     0.9815922087367355 
9.0     0.4945710475770028 
9.0     1.0383516368551227 
9.0     0.7987597193900542 
9.0     0.8174445028541186 
9.0     0.656869836848506 
9.0     1.1845529375753956 
9.0     0.5266548264020557 
9.5     0.9902045780935169 
9.5     0.540406287550276 
9.5     1.0734600897490538 
9.5     0.8845328541018489 
9.5     0.9008539639605346 
9.5     0.7305461407321303 
9.5     1.3035093423830746 
9.5     0.5942165676292532 
10.0     1.0977956123235544 
10.0     0.5719360235504425 
10.0     1.1809062562427115 
10.0     0.9527973424457941 
10.0     0.9256261831970805 
10.0     0.8728433617779914 
10.0     1.4048896196047993 
10.0     0.6305040781646242 
10.5     1.1597182130960533 
10.5     0.6417825848441127 
10.5     1.2665150848681692 
10.5     0.9934277791159247 
10.5     0.9893898414315402 
10.5     0.9857856309702442 
10.5     1.4900735628254098 
10.5     0.6711343629799714 
11.0     1.2730042353120241 
11.0     0.641717380917207 
11.0     1.3539621142232023 
11.0     1.0843847813233283 
11.0     1.025610827108079 
11.0     1.103820125401876 
11.0     1.5679074559446833 
11.0     0.8055939318800327 
11.5     1.3590498745507689 
11.5     0.651152850698604 
11.5     1.472308677670975 
11.5     1.1711857159239287 
11.5     1.1011609555100563 
11.5     1.2632156254759082 
11.5     1.665611532789248 
11.5     0.8560124565011862 
12.0     1.4615031175641804 
12.0     0.7140375255107841 
12.0     1.5043312889742027 
12.0     1.2688019601421958 
12.0     1.1091194105917908 
12.0     1.340069545036488 
12.0     1.7262901243404856 
12.0     0.9473975674817012 
12.5     1.5700559390188205 
12.5     0.6713597893458655 
12.5     1.6293919425525218 
12.5     1.3916950829129122 
12.5     1.141775771112569 
12.5     1.4150836771081146 
12.5     1.7871922655509906 
12.5     0.9848764040688608 
13.0     1.6696961729473714 
13.0     0.7149972101188795 
13.0     1.7217011823475077 
13.0     1.4719330880078276 
13.0     1.1956704627434989 
13.0     1.5543218533485046 
13.0     1.828240096869024 
13.0     1.0406746782600593 
13.5     1.7521324521560588 
13.5     0.8100835733493995 
13.5     1.7731904750278176 
13.5     1.5157096701938912 
13.5     1.2128379725622922 
13.5     1.5503528590063127 
13.5     1.9257053501381876 
13.5     1.0874856255530971 
14.0     1.7870640513309255 
14.0     0.8239661135876901 
14.0     1.824123358040734 
14.0     1.592905272022057 
14.0     1.2761834861809704 
14.0     1.647552239978637 
14.0     1.9702439692968625 
14.0     1.074311628728701 
14.5     1.878288480661945 
14.5     0.9077818934968989 
14.5     1.8797280790086974 
14.5     1.6511643604453525 
14.5     1.2983615404231985 
14.5     1.7092262877211384 
14.5     2.046571922907347 
14.5     1.176465068420221 
15.0     2.001381748250833 
15.0     0.9004163679731804 
15.0     1.9545824179786906 
15.0     1.7260074195136328 
15.0     1.2910328308599164 
15.0     1.784480657379129 
15.0     2.147592920491167 
15.0     1.2278742078080527 
15.5     2.116223067629156 
15.5     0.895871544313377 
15.5     1.9730586990577395 
15.5     1.827693423940005 
15.5     1.3699391326859427 
15.5     1.8899297136309998 
15.5     2.1947856336837535 
15.5     1.2381435402969956 
16.0     2.2439518389664075 
16.0     0.8996797564663255 
16.0     2.0616153226303995 
16.0     1.9148619320049562 
16.0     1.4596075985658503 
16.0     1.9393988562035192 
16.0     2.278961540486128 
16.0     1.2587886841250608 
16.5     2.3437794788320274 
16.5     0.9491860520019757 
16.5     2.0577713003100344 
16.5     1.8944315384881492 
16.5     1.517382403497895 
16.5     1.9465282871397307 
16.5     2.442469276824727 
16.5     1.3386750793648687 
17.0     2.4418860327913112 
17.0     0.9852725041107775 
17.0     2.041798772123778 
17.0     1.8823367278688155 
17.0     1.5768217387813395 
17.0     1.9114639667175284 
17.0     2.5858530989902477 
17.0     1.361342612375512 
17.5     2.5294039687109207 
17.5     1.0432803011869312 
17.5     2.040374545645071 
17.5     1.912733553718698 
17.5     1.637986048224363 
17.5     1.9634007995976788 
17.5     2.7046434876716576 
17.5     1.3537716441837873 
18.0     2.6346845322900236 
18.0     1.1461917438019995 
18.0     2.0244690873580256 
18.0     1.9240795808147 
18.0     1.7222375908755425 
18.0     2.0333886588261607 
18.0     2.7834521969331805 
18.0     1.4131978750816145 
18.5     2.6633601783575247 
18.5     1.1887471643536671 
18.5     2.1011316805921156 
18.5     1.940650875702562 
18.5     1.8217312054840022 
18.5     2.018057440627712 
18.5     2.800178327569259 
18.5     1.4925442797530224 
19.0     2.740249370880821 
19.0     1.2110668146266832 
19.0     2.1617534281516413 
19.0     2.0007167979925042 
19.0     1.7993547762507889 
19.0     2.1069136604683165 
19.0     2.9090238401055757 
19.0     1.5564464781406842 
19.5     2.815950808664357 
19.5     1.2571665568151376 
19.5     2.234985217627528 
19.5     2.0239382748317185 
19.5     1.8883701198206495 
19.5     2.1987097551627643 
19.5     2.9812856970103185 
19.5     1.6366378424967878 
20.0     2.8702429338359625 
20.0     1.3409287936127983 
20.0     2.244811199472085 
20.0     2.0923643965464893 
20.0     1.9461595135722463 
20.0     2.2382685718470157 
20.0     3.055641246500605 
20.0     1.7337635812679864 
20.5     2.9585696697463195 
20.5     1.361202351938458 
20.5     2.3000953317751054 
20.5     2.1582718205029123 
20.5     1.9827980617683325 
20.5     2.3255163084925954 
20.5     3.132886085916823 
20.5     1.740295996712527 
21.0     3.0586836430113835 
21.0     1.3948315290732538 
21.0     2.4397277721306154 
21.0     2.1580070855073785 
21.0     2.0539462916855515 
21.0     2.3731806078720865 
21.0     3.181702759143892 
21.0     1.8495416352678362 
21.5     3.18050086596148 
21.5     1.439995309422895 
21.5     2.50662178844531 
21.5     2.1109064675237876 
21.5     2.0821449132427374 
21.5     2.42074371994259 
21.5     3.244575517822179 
21.5     1.91580133098293 
22.0     3.2842048132056707 
22.0     1.5445596748688233 
22.0     2.5513001796741097 
22.0     2.2034534245037776 
22.0     2.146136342746917 
22.0     2.4883687170427438 
22.0     3.398173548288375 
22.0     1.9551934596113725 
22.5     3.4257917792956647 
22.5     1.6353731021581368 
22.5     2.632688865588202 
22.5     2.2400808118065783 
22.5     2.2269382601996823 
22.5     2.528675162743724 
22.5     3.504770353977344 
22.5     2.0610066601677075 
23.0     3.5456590979486493 
23.0     1.7120002709312332 
23.0     2.6929055622305245 
23.0     2.281307081979443 
23.0     2.3237456626916866 
23.0     2.5734242355848185 
23.0     3.651054737729064 
23.0     2.2060929273715844 
23.5     3.6632868490889763 
23.5     1.787122288151484 
23.5     2.794661248569949 
23.5     2.3178477174152223 
23.5     2.4005782765844317 
23.5     2.692420340864442 
23.5     3.738469023301494 
23.5     2.329483426413141 
24.0     3.7876351085530846 
24.0     1.8151475035670757 
24.0     2.8437574411943647 
24.0     2.3736976703634896 
24.0     2.487874485372638 
24.0     2.801480294329778 
24.0     3.8517734650232316 
24.0     2.427617953154858 
24.5     3.8183709742156937 
24.5     1.8937363764957114 
24.5     2.9332391620800706 
24.5     2.3991730345795332 
24.5     2.5335887015569853 
24.5     2.8967106792149284 
24.5     3.9674721417933116 
24.5     2.5028715014663407 
25.0     3.9455124467475287 
25.0     1.9926045997256054 
25.0     3.0274324077628396 
25.0     2.487790115374972 
25.0     2.5883832494518004 
25.0     2.980000085269535 
25.0     4.0516110130618275 
25.0     2.6591998437767006 
25.5     4.014068776193366 
25.5     2.1242858872918973 
25.5     3.1596878647352984 
25.5     2.5565061528092032 
25.5     2.59091577829399 
25.5     3.062561945498442 
25.5     4.170449162324561 
25.5     2.7413457579712333 
26.0     4.098989169204387 
26.0     2.2929058294561275 
26.0     3.2418681388630293 
26.0     2.6946970434830577 
26.0     2.625218323402638 
26.0     3.1798989795240176 
26.0     4.266494756572292 
26.0     2.7966404759410084 
26.5     4.189654134503505 
26.5     2.3358677592436963 
26.5     3.31451211072513 
26.5     2.725702983983993 
26.5     2.6313080930788946 
26.5     3.250770531696415 
26.5     4.328912364385505 
26.5     2.861655137340138 
27.0     4.285937702674324 
27.0     2.43854581819207 
27.0     3.3502643547043847 
27.0     2.774672817993732 
27.0     2.661044883931055 
27.0     3.351821147866457 
27.0     4.334580197475643 
27.0     2.9828958210634866 
27.5     4.373297483163398 
27.5     2.525700342717066 
27.5     3.4101723223369533 
27.5     2.8538537957486287 
27.5     2.6751928338689823 
27.5     3.4534924270126286 
27.5     4.39384885917485 
27.5     3.1096543125284755 
28.0     4.475825334511074 
28.0     2.588609203876236 
28.0     3.524547260283242 
28.0     2.8974267715734388 
28.0     2.7032680187831404 
28.0     3.5077765584314875 
28.0     4.496079500796256 
28.0     3.181888197038707 
28.5     4.609277597227427 
28.5     2.6714794096091214 
28.5     3.4920124166562774 
28.5     2.9884780176888883 
28.5     2.765976933436801 
28.5     3.5995360993211083 
28.5     4.671146065447781 
28.5     3.2831537617112634 
29.0     4.730578517603877 
29.0     2.792283410349397 
29.0     3.5524456452126714 
29.0     3.068528989135075 
29.0     2.857509288924641 
29.0     3.6547335567342714 
29.0     4.743236193467013 
29.0     3.2950819815258274 
29.5     4.830771331642282 
29.5     2.8466046253636352 
29.5     3.5508483428562103 
29.5     3.1068159078470816 
29.5     2.8965968366696444 
29.5     3.7054423348277825 
29.5     4.832893521639884 
29.5     3.3746227741418227 
30.0     4.886862596265797 
30.0     2.9652396249124666 
30.0     3.6178353446797757 
30.0     3.14041112222765 
30.0     2.9503866780810797 
30.0     3.8007396399944215 
30.0     4.8673304752825715 
30.0     3.4155246221652407 
30.5     5.023037014172306 
30.5     3.05648582117327 
30.5     3.6617828918020736 
30.5     3.1673906803712244 
30.5     2.98036281695868 
30.5     3.8143240160783223 
30.5     4.935698696547817 
30.5     3.4912784048489716 
31.0     5.093802383414223 
31.0     3.134676421247166 
31.0     3.676655132020554 
31.0     3.2429610612981836 
31.0     2.951025265957125 
31.0     3.906767863396391 
31.0     5.025706805976299 
31.0     3.55526241743285 
31.5     5.184637014191501 
31.5     3.2329716337993677 
31.5     3.6911739690250727 
31.5     3.310178587702765 
31.5     2.974864810923313 
31.5     3.993799039500266 
31.5     5.079126346194497 
31.5     3.632849112588035 
32.0     5.2956033766122035 
32.0     3.3014774299932315 
32.0     3.771499550103505 
32.0     3.3513802636550594 
32.0     3.003876046527313 
32.0     4.014169587718053 
32.0     5.101609568195617 
32.0     3.7973140319620526 
32.5     5.329480988200311 
32.5     3.372638717634867 
32.5     3.7907909421369794 
32.5     3.4736302216882935 
32.5     3.0161188801153487 
32.5     4.04451256051338 
32.5     5.104463442804934 
32.5     3.9364122979766836 
33.0     5.408689116319201 
33.0     3.449693122118764 
33.0     3.769877826731272 
33.0     3.502120465649611 
33.0     2.9918437076541324 
33.0     4.091989477497828 
33.0     5.1732812228193925 
33.0     4.010157575246042 
33.5     5.527302144274708 
33.5     3.505419667772559 
33.5     3.8052921235480657 
33.5     3.5564861152260763 
33.5     3.0621418367016617 
33.5     4.115050233091631 
33.5     5.296957649138526 
33.5     4.088443988321863 
34.0     5.636136407416913 
34.0     3.622098934207644 
34.0     3.8607821032148166 
34.0     3.6345175566148757 
34.0     3.1131856635142783 
34.0     4.157795572759207 
34.0     5.324972705536786 
34.0     4.1404734965967736 
34.5     5.745076815470194 
34.5     3.732346839362525 
34.5     3.9175990675904275 
34.5     3.701244492155465 
34.5     3.152590505100818 
34.5     4.209102396579371 
34.5     5.324682373116886 
34.5     4.241498498798289 
35.0     5.86074403575644 
35.0     3.7748809769644383 
35.0     3.987577700839111 
35.0     3.754011505467602 
35.0     3.208707809627467 
35.0     4.290094918235747 
35.0     5.327859164778156 
35.0     4.32907949500319 
35.5     5.945759146997708 
35.5     3.8063383766289194 
35.5     4.007241149049995 
35.5     3.756771741435074 
35.5     3.2629610208031496 
35.5     4.366154868636139 
35.5     5.391604520905435 
35.5     4.451291111894476 
36.0     6.0267764624461195 
36.0     3.8607132662999266 
36.0     4.137025162001336 
36.0     3.8327837732560854 
36.0     3.3721887896824345 
36.0     4.429231026616586 
36.0     5.451984424405229 
36.0     4.570124739260511 
36.5     6.084692733018883 
36.5     3.9916202033705375 
36.5     4.185769890778895 
36.5     3.894044739959665 
36.5     3.4354958535184497 
36.5     4.455430464974291 
36.5     5.5664028991394305 
36.5     4.733972113409236 
37.0     6.185957996690599 
37.0     4.070437403376526 
37.0     4.2614621524082 
37.0     3.931431564759993 
37.0     3.4874326479993076 
37.0     4.487932066336401 
37.0     5.696570335940257 
37.0     4.872043179566815 
37.5     6.23711990182313 
37.5     4.121027869728515 
37.5     4.24792361202585 
37.5     3.976288099427663 
37.5     3.49409309073981 
37.5     4.569423177368779 
37.5     5.7940375349991005 
37.5     4.947191329017146 
38.0     6.231859999819744 
38.0     4.215403223741605 
38.0     4.306896883461744 
38.0     4.029773632324876 
38.0     3.5682346810807846 
38.0     4.685579152625405 
38.0     5.815076081542106 
38.0     5.057454531044788 
38.5     6.261247781652276 
38.5     4.298916541870575 
38.5     4.348738660624039 
38.5     4.048438362404139 
38.5     3.6497958147892717 
38.5     4.78027708042008 
38.5     5.834348196315375 
38.5     5.149101418685722 
39.0     6.227757330976968 
39.0     4.377280921987579 
39.0     4.463761924044323 
39.0     4.100220610500753 
39.0     3.783228313827604 
39.0     4.870102596585688 
39.0     5.853189966171192 
39.0     5.322058996655482 
39.5     6.295449922156485 
39.5     4.463162266213111 
39.5     4.5515745323786945 
39.5     4.129516802457736 
39.5     3.798731414625385 
39.5     4.9794954248636145 
39.5     5.935526303197847 
39.5     5.4596632547069746 
40.0     6.388376112371097 
40.0     4.505632563616426 
40.0     4.620625321826549 
40.0     4.191139699886404 
40.0     3.830557646640162 
40.0     5.060305821381809 
40.0     5.999595114800039 
40.0     5.582416080034448 
40.5     6.511221201827912 
40.5     4.595185450280191 
40.5     4.740986399160394 
40.5     4.228987480301444 
40.5     3.87246304461944 
40.5     5.158199111919868 
40.5     6.010127043758721 
40.5     5.713739744603173 
41.0     6.581715743759592 
41.0     4.7197952353961385 
41.0     4.810760747585383 
41.0     4.253955473897017 
41.0     3.9461218985101456 
41.0     5.1750317761233475 
41.0     6.040954316098496 
41.0     5.855731571095969 
41.5     6.681601380770317 
41.5     4.818176051600524 
41.5     4.885453811430395 
41.5     4.2736472418521805 
41.5     3.9792894448090297 
41.5     5.209305876603293 
41.5     6.097760270279614 
41.5     5.927928050091815 
42.0     6.794260076491685 
42.0     4.937870386056658 
42.0     4.980920451344597 
42.0     4.296228929575796 
42.0     3.9956387404672484 
42.0     5.32088630003791 
42.0     6.171767090050688 
42.0     6.025340185185697 
42.5     6.895603682552417 
42.5     5.065958166924737 
42.5     5.131465442211115 
42.5     4.355360145354374 
42.5     4.000224356667135 
42.5     5.3657508356516 
42.5     6.224402522038545 
42.5     6.135193732581327 
43.0     6.941968401175837 
43.0     5.15572210813976 
43.0     5.28391884980633 
43.0     4.411197089365399 
43.0     4.1105974873869116 
43.0     5.489760523684703 
43.0     6.292040785811636 
43.0     6.246757836633809 
43.5     7.037234494293663 
43.5     5.278710465090761 
43.5     5.394876793083879 
43.5     4.468596398059211 
43.5     4.153086481577887 
43.5     5.562288641965302 
43.5     6.314386968477883 
43.5     6.372448467404938 
44.0     7.185788977232287 
44.0     5.291718072891637 
44.0     5.429447010405579 
44.0     4.578179692097954 
44.0     4.178374394712356 
44.0     5.669537279803598 
44.0     6.352048387043678 
44.0     6.492174860265208 
44.5     7.229331061018562 
44.5     5.303793219216793 
44.5     5.477442588216476 
44.5     4.637504047947831 
44.5     4.2084572080096025 
44.5     5.75656371671436 
44.5     6.4475810446729644 
44.5     6.625810566175277 
45.0     7.334356627941389 
45.0     5.413547678966545 
45.0     5.565318995415987 
45.0     4.695430957627704 
45.0     4.24200457889676 
45.0     5.820453791002231 
45.0     6.5217764587625995 
45.0     6.689980917486999 
45.5     7.39035502633812 
45.5     5.523314254234769 
45.5     5.669791050804102 
45.5     4.73374132184076 
45.5     4.283588107491235 
45.5     5.869744835552774 
45.5     6.5913279589381775 
45.5     6.773819269347634 
46.0     7.505973957984626 
46.0     5.601513386535991 
46.0     5.735924080759062 
46.0     4.791262947175059 
46.0     4.292477069364145 
46.0     5.935580819476366 
46.0     6.647880942062534 
46.0     6.845922813933651 
46.5     7.582491715264948 
46.5     5.713281275786914 
46.5     5.8456751612178355 
46.5     4.794436894225064 
46.5     4.343566342611797 
46.5     5.997811948074724 
46.5     6.6875678796406905 
46.5     6.971271495803068 
47.0     7.652400725187198 
47.0     5.7870307506443215 
47.0     5.892248805956169 
47.0     4.853961257351617 
47.0     4.367165836609215 
47.0     6.102191673451983 
47.0     6.71336246449767 
47.0     7.052844248445287 
47.5     7.721288752577229 
47.5     5.820202931934562 
47.5     5.925758721028794 
47.5     4.929019837044255 
47.5     4.493236113459744 
47.5     6.1560388219635405 
47.5     6.743019924837831 
47.5     7.158326320791928 
48.0     7.815651678625873 
48.0     5.916044799886059 
48.0     5.947939750065513 
48.0     4.961312532743185 
48.0     4.587719095774341 
48.0     6.205811868719914 
48.0     6.79872967621439 
48.0     7.261474381730385 
48.5     7.947367833424355 
48.5     5.9738311864846585 
48.5     6.041105722829059 
48.5     5.007805207507684 
48.5     4.617376876661078 
48.5     6.2130869848955115 
48.5     6.817206673999042 
48.5     7.396595403566086 
49.0     8.037009050766144 
49.0     6.022029996841086 
49.0     6.0932998866200085 
49.0     5.082766818235846 
49.0     4.63324107011546 
49.0     6.272105644566054 
49.0     6.857395263139657 
49.0     7.476393905627491 
49.5     8.081624939468188 
49.5     6.060013076949675 
49.5     6.204747058733196 
49.5     5.13746357356865 
49.5     4.669228999588157 
49.5     6.357789198383134 
49.5     6.843324593131126 
49.5     7.567391373891038 
50.0     8.148709049969737 
50.0     6.1370367455828685 
50.0     6.2748838952625166 
50.0     5.143974414238295 
50.0     4.738060845767595 
50.0     6.448440491314426 
50.0     6.831088667370054 
50.0     7.628056444532878 
50.5     8.21171974047237 
50.5     6.229684844124283 
50.5     6.348108277430041 
50.5     5.197487133522699 
50.5     4.784263732176899 
50.5     6.479948725260107 
50.5     6.841474824519082 
50.5     7.747782742998062 
51.0     8.24037872340915 
51.0     6.244317077077539 
51.0     6.3863206665496115 
51.0     5.246946626405071 
51.0     4.835614357519493 
51.0     6.485094384866244 
51.0     6.821266829241527 
51.0     7.792163101822088 
51.5     8.243274341112041 
51.5     6.308390655595527 
51.5     6.488809468950632 
51.5     5.253380976728775 
51.5     4.922970430744485 
51.5     6.58407886873244 
51.5     6.8039978967691646 
51.5     7.938934409299155 
52.0     8.330469686930062 
52.0     6.341253524671071 
52.0     6.570301797156086 
52.0     5.265238577228522 
52.0     5.0454298418099315 
52.0     6.635383268451335 
52.0     6.826244947483733 
52.0     7.996837868827372 
52.5     8.384223089998248 
52.5     6.328111632844806 
52.5     6.588036323871723 
52.5     5.2944133683976276 
52.5     5.128255624655734 
52.5     6.6972030906499445 
52.5     6.839119777055501 
52.5     8.139869747657421 
53.0     8.44174881006569 
53.0     6.418183375961654 
53.0     6.645202107853516 
53.0     5.303855497040766 
53.0     5.158769047161795 
53.0     6.707792339594454 
53.0     6.865952031436539 
53.0     8.228594652226905 
53.5     8.497739649614275 
53.5     6.447610999249331 
53.5     6.716103760519033 
53.5     5.294147583428989 
53.5     5.306154010250513 
53.5     6.801270377231254 
53.5     6.911596171658298 
53.5     8.317606344363552 
54.0     8.586846639882285 
54.0     6.588896308509657 
54.0     6.84464851959568 
54.0     5.268624857271707 
54.0     5.383170453410376 
54.0     6.8651032476122795 
54.0     6.955532898107845 
54.0     8.387784790612862 
54.5     8.657072021591532 
54.5     6.704850956333177 
54.5     6.9881314667185706 
54.5     5.263996142707808 
54.5     5.468504616982554 
54.5     6.982521824259371 
54.5     6.930134148826451 
54.5     8.465698972306406 
55.0     8.706888756205215 
55.0     6.772932785859563 
55.0     7.099003882096224 
55.0     5.350811270068647 
55.0     5.525857574431999 
55.0     7.113183573318406 
55.0     6.938963240243803 
55.0     8.514807655821766 
55.5     8.805557338671283 
55.5     6.869377493786697 
55.5     7.225120512379565 
55.5     5.349550354348125 
55.5     5.625980379813999 
55.5     7.218941738688921 
55.5     7.085620221673415 
55.5     8.572077625472017 
56.0     8.839396938007377 
56.0     6.993606854403224 
56.0     7.311010862553559 
56.0     5.390391971850872 
56.0     5.695646157703553 
56.0     7.358509950752847 
56.0     7.188048942317429 
56.0     8.652039718039525 
56.5     8.865307443013405 
56.5     7.063296080282571 
56.5     7.365113202226812 
56.5     5.430864596042548 
56.5     5.796341892983017 
56.5     7.438831809790992 
56.5     7.252554956067058 
56.5     8.702364085807936 
57.0     8.959791543210335 
57.0     7.129854558871712 
57.0     7.450896810929894 
57.0     5.450605818923089 
57.0     5.833193154064728 
57.0     7.517793926209809 
57.0     7.37388346871789 
57.0     8.794220073638947 
57.5     9.069394523688727 
57.5     7.224187686599645 
57.5     7.510165526293233 
57.5     5.452615521037214 
57.5     5.824212850136158 
57.5     7.5732785048119755 
57.5     7.491148611268298 
57.5     8.842368228617527 
58.0     9.10900954362369 
58.0     7.29206039383452 
58.0     7.536227000389383 
58.0     5.476464045985813 
58.0     5.874650746344841 
58.0     7.668283018454855 
58.0     7.607618349848801 
58.0     8.84659547003175 
58.5     9.12820323077714 
58.5     7.395728905681857 
58.5     7.559401464315662 
58.5     5.481705259569165 
58.5     5.948183951080958 
58.5     7.76954987536767 
58.5     7.674233687282882 
58.5     8.807389193864354 
59.0     9.203051889618994 
59.0     7.499318847988779 
59.0     7.65603405028775 
59.0     5.492394107000004 
59.0     6.048606317865458 
59.0     7.822871956200967 
59.0     7.73882661646282 
59.0     8.906444020969666 
59.5     9.280277514960662 
59.5     7.626971342823025 
59.5     7.7605391402872135 
59.5     5.504499193597417 
59.5     6.093553855032465 
59.5     7.850635252697689 
59.5     7.7828178961443175 
59.5     8.975976523892937 
60.0     9.354162159565494 
60.0     7.731815914255749 
60.0     7.809949355661335 
60.0     5.556886880265719 
60.0     6.125622674124745 
60.0     7.930544364385352 
60.0     7.8362479377968075 
60.0     9.043293529838524 
60.5     9.451026517738743 
60.5     7.8207342841513725 
60.5     7.870106913783108 
60.5     5.652216959276959 
60.5     6.198217547151188 
60.5     8.02970817009791 
60.5     7.891332774302782 
60.5     9.059675747018519 
61.0     9.490808971375973 
61.0     7.929073813447751 
61.0     7.957217573160429 
61.0     5.716785860415465 
61.0     6.27812497594544 
61.0     8.090095088264496 
61.0     7.885433308024651 
61.0     9.119328568309085 
61.5     9.560500440911278 
61.5     7.970238835277768 
61.5     8.005798527134028 
61.5     5.80092105825818 
61.5     6.293387156148938 
61.5     8.154451337271755 
61.5     7.892484131104865 
61.5     9.146261655139622 
62.0     9.623808196258233 
62.0     8.060135547996365 
62.0     8.106104839572831 
62.0     5.920933731242963 
62.0     6.30147226176604 
62.0     8.19235060152887 
62.0     7.900767966600134 
62.0     9.208658473204999 
62.5     9.687725018694259 
62.5     8.106598818775602 
62.5     8.176973582238722 
62.5     5.9787973215633174 
62.5     6.3631676241254045 
62.5     8.236260206124092 
62.5     7.930472989013111 
62.5     9.249166358453088 
63.0     9.726890300696537 
63.0     8.204015748677527 
63.0     8.267601013112666 
63.0     6.015202608831103 
63.0     6.409030974162423 
63.0     8.271846274638415 
63.0     7.934448951742283 
63.0     9.276331020620622 
63.5     9.836569426578302 
63.5     8.306649523987538 
63.5     8.340473308909784 
63.5     6.076869194953591 
63.5     6.431762653295391 
63.5     8.316763350846442 
63.5     7.965428426130618 
63.5     9.378487610614988 
64.0     9.954470142036506 
64.0     8.366821793203426 
64.0     8.40766847257231 
64.0     6.146515059125128 
64.0     6.511398403090059 
64.0     8.408507772786454 
64.0     7.98079324433732 
64.0     9.519173691157953 
64.5     10.040956566139588 
64.5     8.399527344509606 
64.5     8.416201050070313 
64.5     6.18095195624438 
64.5     6.573932753872166 
64.5     8.440440494970323 
64.5     7.989426791151667 
64.5     9.566673216570619 
65.0     10.13792041373788 
65.0     8.480965216283197 
65.0     8.426743464285176 
65.0     6.233755335877428 
65.0     6.702072009837392 
65.0     8.434401540918243 
65.0     8.046404890285368 
65.0     9.616481947469815 
65.5     10.261545465453157 
65.5     8.532977049748554 
65.5     8.49880407356907 
65.5     6.239150019122556 
65.5     6.78679754628212 
65.5     8.505849339158857 
65.5     8.057210696675027 
65.5     9.64531754581602 
66.0     10.329311594678684 
66.0     8.610778993873089 
66.0     8.643156396179453 
66.0     6.248923025535854 
66.0     6.850735428972394 
66.0     8.517560221311937 
66.0     8.06161822143005 
66.0     9.715277797705497 
66.5     10.427948552374744 
66.5     8.761569278109475 
66.5     8.705471616472286 
66.5     6.29934765730691 
66.5     6.91243566992707 
66.5     8.623615671974795 
66.5     8.091060503862398 
66.5     9.74488130359066 
67.0     10.46645290622106 
67.0     8.80053084238919 
67.0     8.751849347702658 
67.0     6.3175646967166985 
67.0     6.933472971933262 
67.0     8.69469956348532 
67.0     8.066221517157373 
67.0     9.832798513398108 
67.5     10.522499982151064 
67.5     8.89633573755857 
67.5     8.77945146676598 
67.5     6.33378882137873 
67.5     7.0415802192480585 
67.5     8.819065773606912 
67.5     8.065344636762243 
67.5     9.821174865008764 
68.0     10.597004688841693 
68.0     8.946005940451856 
68.0     8.890050045787545 
68.0     6.352995374767634 
68.0     7.090626881379413 
68.0     8.84900479383045 
68.0     8.081950249867768 
68.0     9.88962205194268 
68.5     10.660681670625022 
68.5     8.958979245522084 
68.5     8.955652006496152 
68.5     6.400102637060204 
68.5     7.141408614371213 
68.5     8.955341113654985 
68.5     8.07627326296678 
68.5     9.923381135269358 
69.0     10.76302458434162 
69.0     8.981032815852812 
69.0     9.007681762851886 
69.0     6.42936170357196 
69.0     7.211302903384385 
69.0     9.053275416595566 
69.0     8.073555321871451 
69.0     9.98101922289218 
69.5     10.827506758362595 
69.5     9.061941300513663 
69.5     9.010125714594674 
69.5     6.46279687469521 
69.5     7.247038451578877 
69.5     9.172246872194718 
69.5     8.122730323864458 
69.5     10.014599769689603 
70.0     10.918372568470245 
70.0     9.177501967742506 
70.0     9.1048159640862 
70.0     6.426434904607589 
70.0     7.333369789336075 
70.0     9.257318679008387 
70.0     8.170847653999619 
70.0     10.055204502256261 
70.5     10.959478905858962 
70.5     9.272216738478072 
70.5     9.185571045059097 
70.5     6.457720099316956 
70.5     7.365250698988053 
70.5     9.326333636995612 
70.5     8.249466092123559 
70.5     10.027072262097771 
71.0     11.081454811791119 
71.0     9.385552332644274 
71.0     9.1672075452405 
71.0     6.484244981671529 
71.0     7.449659230293341 
71.0     9.43161856691745 
71.0     8.354413958099139 
71.0     10.009861933924332 
71.5     11.166908468600381 
71.5     9.463591693912521 
71.5     9.214628388551015 
71.5     6.465592892645382 
71.5     7.484634117304839 
71.5     9.491300074598541 
71.5     8.363492176571482 
71.5     10.043903846048167 
72.0     11.180524940845912 
72.0     9.53649414692134 
72.0     9.25596654672431 
72.0     6.460219467227692 
72.0     7.5618065898722735 
72.0     9.546896956124138 
72.0     8.48527236243394 
72.0     10.084220985573056 
72.5     11.221188798402219 
72.5     9.649105785360836 
72.5     9.282689641832972 
72.5     6.456659884879642 
72.5     7.605833655329753 
72.5     9.594138629801932 
72.5     8.57990778078055 
72.5     10.091177793698677 
73.0     11.361078873920244 
73.0     9.69691358431448 
73.0     9.24813988583836 
73.0     6.53095436208364 
73.0     7.693345442575813 
73.0     9.599610228228386 
73.0     8.657706062239468 
73.0     10.157612424235705 
73.5     11.428202788581032 
73.5     9.804772085026272 
73.5     9.29070618162792 
73.5     6.599633738107048 
73.5     7.748328585887717 
73.5     9.671859260704952 
73.5     8.763435855486136 
73.5     10.15769654205028 
74.0     11.487246891137929 
74.0     9.870006392730538 
74.0     9.35102777400906 
74.0     6.653836621698926 
74.0     7.788171054678452 
74.0     9.740984568698122 
74.0     8.785057732447894 
74.0     10.176952262562695 
74.5     11.601354117148052 
74.5     10.002207032123277 
74.5     9.516960158247128 
74.5     6.680347984023505 
74.5     7.8309553561755685 
74.5     9.796355565471254 
74.5     8.792279543418696 
74.5     10.222936553694995 
75.0     11.649723869385765 
75.0     10.11182481872254 
75.0     9.60666307722631 
75.0     6.740977695336241 
75.0     7.8332465314227795 
75.0     9.916486646079177 
75.0     8.810831915149711 
75.0     10.223043157884568 
75.5     11.708295631894586 
75.5     10.229276941403427 
75.5     9.663579541429213 
75.5     6.838505399275454 
75.5     7.847292865615564 
75.5     10.024930939571389 
75.5     8.890033542553969 
75.5     10.270209660262775 
76.0     11.807921346544768 
76.0     10.324344506755505 
76.0     9.741877182191175 
76.0     6.927620108331755 
76.0     7.893169342491413 
76.0     10.149357936851434 
76.0     8.90846689739216 
76.0     10.314114712733314 
76.5     11.885260358720203 
76.5     10.428965197085908 
76.5     9.81596706432255 
76.5     6.99937972527554 
76.5     7.960139679933753 
76.5     10.177343375640925 
76.5     8.938774977465195 
76.5     10.388734140183736 
77.0     11.937098537930778 
77.0     10.477100547765996 
77.0     9.870082409234655 
77.0     7.0345186409303215 
77.0     8.001038857723016 
77.0     10.221711172879878 
77.0     8.983069894509157 
77.0     10.40217247807607 
77.5     12.056350403172793 
77.5     10.540285589746581 
77.5     9.927764463061912 
77.5     7.088226636708135 
77.5     8.01359391046128 
77.5     10.32634258521411 
77.5     9.023109384498083 
77.5     10.430213165253763 
78.0     12.139041500377912 
78.0     10.638752286930352 
78.0     9.9923505226804 
78.0     7.222639662388421 
78.0     8.035326533822937 
78.0     10.332686377063041 
78.0     9.068337511553116 
78.0     10.50819604235101 
78.5     12.270108904205948 
78.5     10.762243115290083 
78.5     10.07852790957763 
78.5     7.260649197653837 
78.5     8.055248192293096 
78.5     10.394091204408111 
78.5     9.120537091490533 
78.5     10.589872581948883 
79.0     12.386837255556046 
79.0     10.87661171730656 
79.0     10.137254047438327 
79.0     7.326942565901624 
79.0     8.113745521218332 
79.0     10.457155588459276 
79.0     9.119519857710847 
79.0     10.6224896271779 
79.5     12.55148088412406 
79.5     10.92174217874541 
79.5     10.262266437161365 
79.5     7.3292816094435045 
79.5     8.122710998033293 
79.5     10.503484605877976 
79.5     9.158148459991157 
79.5     10.681882525587483 
80.0     12.633426871029592 
80.0     10.989950985316334 
80.0     10.322572392412802 
80.0     7.38468708781009 
80.0     8.185899789676697 
80.0     10.592422088550274 
80.0     9.1998516976628 
80.0     10.726977829893713 
80.5     12.735109736484148 
80.5     11.033671195087726 
80.5     10.389167769619528 
80.5     7.433388044747767 
80.5     8.245013786938612 
80.5     10.646689416591038 
80.5     9.143979008639581 
80.5     10.817923423603718 
81.0     12.817979093219819 
81.0     11.0679731059716 
81.0     10.484267154363417 
81.0     7.506668219743827 
81.0     8.287126337494213 
81.0     10.717898687988688 
81.0     9.125524465715413 
81.0     10.917388477812823 
81.5     12.950110016119604 
81.5     11.154148674556842 
81.5     10.545232848747062 
81.5     7.573942358155986 
81.5     8.289806202784964 
81.5     10.82030340011412 
81.5     9.156961706895865 
81.5     10.956681581065915 
82.0     13.125663416221025 
82.0     11.182528410458026 
82.0     10.591883793666788 
82.0     7.688184371334697 
82.0     8.30307214648583 
82.0     10.93207982751315 
82.0     9.2058863089009 
82.0     11.05524292089143 
82.5     13.299558270039274 
82.5     11.24085121309487 
82.5     10.647381969554411 
82.5     7.752046027042329 
82.5     8.318625648625057 
82.5     10.972435673505325 
82.5     9.240376993072232 
82.5     11.087781146658562 
83.0     13.36817534199374 
83.0     11.30808315329836 
83.0     10.735150025202124 
83.0     7.751526368541048 
83.0     8.43289403906624 
83.0     10.984725020533398 
83.0     9.31232768910255 
83.0     11.078601887908311 
83.5     13.489165241948175 
83.5     11.35150246473074 
83.5     10.838948514526685 
83.5     7.679007986773687 
83.5     8.472242441341335 
83.5     11.043266324429531 
83.5     9.280253161292952 
83.5     11.091393123465576 
84.0     13.625135835605688 
84.0     11.431922554434664 
84.0     10.914145403385811 
84.0     7.694966798130199 
84.0     8.491551746138063 
84.0     11.113601102854426 
84.0     9.328265060264153 
84.0     11.197786485218842 
84.5     13.747263273173543 
84.5     11.518880770846812 
84.5     10.986255919648464 
84.5     7.754772497316512 
84.5     8.50991836093469 
84.5     11.177026827061889 
84.5     9.356083464676685 
84.5     11.216129451617213 
85.0     13.872737155064668 
85.0     11.542710221261535 
85.0     11.11638573232697 
85.0     7.762671836691871 
85.0     8.556871387113574 
85.0     11.20000915247345 
85.0     9.367621016199811 
85.0     11.229269731673869 
85.5     13.99471361369368 
85.5     11.601363482916002 
85.5     11.196644520638282 
85.5     7.7349592119552115 
85.5     8.646570196747687 
85.5     11.227354570345634 
85.5     9.402198616804222 
85.5     11.249690737089082 
86.0     14.063338154794806 
86.0     11.683870989658702 
86.0     11.24421566764979 
86.0     7.748826732613819 
86.0     8.702294934478946 
86.0     11.29910817516045 
86.0     9.452188746400711 
86.0     11.293395651883138 
86.5     14.143427790063866 
86.5     11.753449095238627 
86.5     11.33525372827816 
86.5     7.785642058836868 
86.5     8.710110651788298 
86.5     11.437969688272359 
86.5     9.489511453995343 
86.5     11.27770780827558 
87.0     14.209593461606174 
87.0     11.841913755412394 
87.0     11.41547514020521 
87.0     7.932224209277163 
87.0     8.753838318533113 
87.0     11.51353429092859 
87.0     9.509001354263745 
87.0     11.32047607275183 
87.5     14.200269221693148 
87.5     11.963290501120428 
87.5     11.49300720012329 
87.5     7.956563571695501 
87.5     8.780995804365578 
87.5     11.596643194212573 
87.5     9.552812594434092 
87.5     11.362738898197719 
88.0     14.19004826662912 
88.0     12.055058426145745 
88.0     11.607937278098294 
88.0     7.960478106981324 
88.0     8.824580437128153 
88.0     11.674427678577539 
88.0     9.562349153924336 
88.0     11.364731765661979 
88.5     14.276389528066145 
88.5     12.118704695178465 
88.5     11.700120988326953 
88.5     8.031593352316586 
88.5     8.904990176043231 
88.5     11.77317453938526 
88.5     9.600534410290098 
88.5     11.387224602847331 
89.0     14.33289208369599 
89.0     12.182217851522466 
89.0     11.780436057286863 
89.0     8.073590123305179 
89.0     8.947522900172855 
89.0     11.891634273708291 
89.0     9.663258428245072 
89.0     11.47855343424195 
89.5     14.373906617184184 
89.5     12.311876458734314 
89.5     11.813829825210803 
89.5     8.125930051812052 
89.5     8.980756896428668 
89.5     12.004994774826287 
89.5     9.682985407299254 
89.5     11.521272250773603 
90.0     14.451832188999035 
90.0     12.423033136136333 
90.0     11.864983657780583 
90.0     8.220471745327647 
90.0     8.954866715634935 
90.0     12.116477334871039 
90.0     9.72476561079243 
90.0     11.54677592343915 
90.5     14.550108517363155 
90.5     12.557501195268706 
90.5     11.989397542963534 
90.5     8.265330500329808 
90.5     9.004247855379607 
90.5     12.257545412563799 
90.5     9.800757121611529 
90.5     11.552394132910756 
91.0     14.60017640970406 
91.0     12.670734845866672 
91.0     12.092171846184122 
91.0     8.342650380314652 
91.0     9.035639351405454 
91.0     12.354214015013198 
91.0     9.828541433191996 
91.0     11.571051312115834 
91.5     14.655851386944043 
91.5     12.774943368008977 
91.5     12.177320425707315 
91.5     8.373127142794559 
91.5     9.136902693895662 
91.5     12.369549060786387 
91.5     9.853547284122655 
91.5     11.592490714106525 
92.0     14.778602151065195 
92.0     12.858948979300704 
92.0     12.200257854764846 
92.0     8.41440108794822 
92.0     9.179176179824854 
92.0     12.467018674430586 
92.0     9.901744273299025 
92.0     11.674239463801342 
92.5     14.88441280254829 
92.5     12.928701226156546 
92.5     12.31151107398913 
92.5     8.432628437136968 
92.5     9.149190397979257 
92.5     12.538058505332339 
92.5     9.95085313096715 
92.5     11.773489721115885 
93.0     14.96248827285853 
93.0     13.022514460643999 
93.0     12.369379241580171 
93.0     8.456552751510221 
93.0     9.138367646077374 
93.0     12.609812379129119 
93.0     9.972691144012842 
93.0     11.85126328235721 
93.5     15.022011143505447 
93.5     13.119607778662346 
93.5     12.403545305533047 
93.5     8.52532410680998 
93.5     9.179569471393634 
93.5     12.674161784674931 
93.5     10.06073923913442 
93.5     11.899273050209887 
94.0     15.088254032137312 
94.0     13.176777447765716 
94.0     12.468008901561262 
94.0     8.566054788840356 
94.0     9.2127603976421 
94.0     12.70865916203552 
94.0     10.086816461350466 
94.0     11.97919192061294 
94.5     15.167287076939502 
94.5     13.210144904801155 
94.5     12.589229287280572 
94.5     8.593713998098725 
94.5     9.269245643334292 
94.5     12.81096676483503 
94.5     10.078836933302993 
94.5     11.975245565459945 
95.0     15.313967665214987 
95.0     13.32092286598358 
95.0     12.695021874999208 
95.0     8.682454834062 
95.0     9.229195072291015 
95.0     12.897238481464747 
95.0     10.103862444976404 
95.0     12.038277093508176 
95.5     15.408597211221982 
95.5     13.42580136493629 
95.5     12.821041562870418 
95.5     8.700779350920147 
95.5     9.24632765176714 
95.5     13.050611026940661 
95.5     10.142579630146294 
95.5     12.133619660812657 
96.0     15.556034845426897 
96.0     13.509504353953986 
96.0     12.932582712836703 
96.0     8.792161661013344 
96.0     9.225743085638262 
96.0     13.123120589782992 
96.0     10.136398703059687 
96.0     12.171820056176422 
96.5     15.667871640615974 
96.5     13.622707077600944 
96.5     12.99572291561544 
96.5     8.785378351135288 
96.5     9.281179411011218 
96.5     13.157586554046663 
96.5     10.150407075149625 
96.5     12.258904125933974 
97.0     15.767840269397816 
97.0     13.627193882334275 
97.0     13.116522943764526 
97.0     8.751672805290358 
97.0     9.376765996007652 
97.0     13.187086521507837 
97.0     10.161283455867263 
97.0     12.275527613949635 
97.5     15.858433578614555 
97.5     13.621927916574386 
97.5     13.185464156640789 
97.5     8.849843129513781 
97.5     9.416680422899331 
97.5     13.231427206980142 
97.5     10.198855391026903 
97.5     12.310436696283835 
98.0     15.98093637982004 
98.0     13.606995672847138 
98.0     13.271152653951916 
98.0     8.929119764906437 
98.0     9.431655555175558 
98.0     13.308498920820412 
98.0     10.271005372562072 
98.0     12.319533537282837 
98.5     16.08235502242384 
98.5     13.672974808507746 
98.5     13.34340392256581 
98.5     8.934493174117236 
98.5     9.50129045531364 
98.5     13.416969488751818 
98.5     10.329306027328116 
98.5     12.394168006294805 
99.0     16.186055654262955 
99.0     13.747692775691263 
99.0     13.428100290010939 
99.0     8.980611186072847 
99.0     9.499028733328606 
99.0     13.511958999129451 
99.0     10.36163743598369 
99.0     12.370373155407123 
99.5     16.2395996487977 
99.5     13.752965159324066 
99.5     13.540292591430115 
99.5     8.951796778038831 
99.5     9.600662291993181 
99.5     13.603205669674379 
99.5     10.406928064544715 
99.5     12.423455764563805 
100.0     16.34475937990781 
100.0     13.804286363138198 
100.0     13.599633779330677 
100.0     8.932856201264363 
100.0     9.680107508750968 
100.0     13.671422377573926 
100.0     10.423743145409682 
100.0     12.434100889097486 
