0.0     107.99807357470567 
0.5     108.4171153014727 
1.0     108.41839305323634 
1.5     108.44233931849075 
2.0     108.51498544486773 
2.5     109.0219240857503 
3.0     109.56078949813843 
3.5     110.22236783665588 
4.0     110.69207789466236 
4.5     111.28140747054047 
5.0     112.0083246108583 
5.5     112.13847734947515 
6.0     112.4784548230201 
6.5     113.07088776673187 
7.0     113.72470960403825 
7.5     114.58470513199177 
8.0     115.91195479073295 
8.5     116.71657138520351 
9.0     117.81399566207303 
9.5     117.90011935564084 
10.0     118.97602969794121 
10.5     119.5952557056662 
11.0     120.72811592782591 
11.5     121.58857232021336 
12.0     122.61310475034747 
12.5     123.69863296489387 
13.0     124.69503530417938 
13.5     125.51939809626626 
14.0     125.86871408801493 
14.5     126.78095838132512 
15.0     128.011891057214 
15.5     129.16030425099723 
16.0     130.43759196436974 
16.5     131.43586836302595 
17.0     132.41693390261878 
17.5     133.29211326181488 
18.0     134.3449188976059 
18.5     134.63167535828092 
19.0     135.40056728351388 
19.5     136.15758166134924 
20.0     136.7005029130653 
20.5     137.58377027216886 
21.0     138.5849100048195 
21.5     139.80308223432047 
22.0     140.84012170676237 
22.5     142.25599136766232 
23.0     143.45466455419216 
23.5     144.63094206559543 
24.0     145.8744246602365 
24.5     146.1817833168626 
25.0     147.45319804218096 
25.5     148.13876133663933 
26.0     148.98796526674954 
26.5     149.89461491974072 
27.0     150.8574506014489 
27.5     151.73104840633965 
28.0     152.75632691981642 
28.5     154.09084954697994 
29.0     155.30385875074444 
29.5     156.3057868911285 
30.0     156.86669953736364 
30.5     158.22844371642873 
31.0     158.9360974088479 
31.5     159.84444371662067 
32.0     160.9541073408277 
32.5     161.29288345670878 
33.0     162.08496473789768 
33.5     163.27109501745275 
34.0     164.3594376488748 
34.5     165.4488417294076 
35.0     166.60551393227007 
35.5     167.45566504468275 
36.0     168.26583819916686 
36.5     168.8450009048945 
37.0     169.85765354161165 
37.5     170.36927259293697 
38.0     170.3166735729031 
38.5     170.61055139122843 
39.0     170.27564688447535 
39.5     170.95257279627052 
40.0     171.88183469841664 
40.5     173.11028559298478 
41.0     173.81523101230158 
41.5     174.81408738240884 
42.0     175.94067433962252 
42.5     176.95411040022984 
43.0     177.41775758646403 
43.5     178.3704185176423 
44.0     179.85596334702853 
44.5     180.29138418489129 
45.0     181.34163985411956 
45.5     181.90162383808686 
46.0     183.05781315455192 
46.5     183.82299072735515 
47.0     184.52208082657765 
47.5     185.21096110047796 
48.0     186.1545903609644 
48.5     187.47175190894922 
49.0     188.36816408236712 
49.5     188.81432296938755 
50.0     189.48516407440303 
50.5     190.11527097942937 
51.0     190.40186080879715 
51.5     190.43081698582608 
52.0     191.30277044400628 
52.5     191.84030447468814 
53.0     192.41556167536257 
53.5     192.97547007084842 
54.0     193.86653997352852 
54.5     194.568793790621 
55.0     195.0669611367578 
55.5     196.0536469614185 
56.0     196.39204295477944 
56.5     196.6511480048397 
57.0     197.59598900680902 
57.5     198.69201881159293 
58.0     199.08816901094258 
58.5     199.28010588247707 
59.0     200.0285924708956 
59.5     200.8008487243123 
60.0     201.5396951703606 
60.5     202.5083387520931 
61.0     202.9061632884654 
61.5     203.60307798381845 
62.0     204.236155537288 
62.5     204.87532376164825 
63.0     205.26697658167103 
63.5     206.3637678404887 
64.0     207.54277499507072 
64.5     208.40763923610155 
65.0     209.37727771208446 
65.5     210.61352822923723 
66.0     211.2911895214925 
66.5     212.2775590984531 
67.0     212.66260263691626 
67.5     213.2230733962163 
68.0     213.9681204631226 
68.5     214.60489028095589 
69.0     215.62831941812186 
69.5     216.2731411583316 
70.0     217.1817992594081 
70.5     217.59286263329528 
71.0     218.81262169261686 
71.5     219.66715826070947 
72.0     219.80332298316478 
72.5     220.20996155872785 
73.0     221.6088623139081 
73.5     222.280101460516 
74.0     222.87054248608496 
74.5     224.01161474618618 
75.0     224.4953122685633 
75.5     225.08102989365153 
76.0     226.07728704015335 
76.5     226.8506771619077 
77.0     227.36905895401344 
77.5     228.5615776064336 
78.0     229.38848857848478 
78.5     230.69916261676514 
79.0     231.86644613026613 
79.5     233.51288241594628 
80.0     234.33234228500157 
80.5     235.34917093954715 
81.0     236.17786450690386 
81.5     237.4991737359017 
82.0     239.25470773691592 
82.5     240.9936562750984 
83.0     241.67982699464307 
83.5     242.88972599418742 
84.0     244.24943193076254 
84.5     245.4707063064411 
85.0     246.72544512535234 
85.5     247.94520971164246 
86.0     248.63145512265373 
86.5     249.43235147534432 
87.0     250.0940081907674 
87.5     250.00076579163715 
88.0     249.89855624099687 
88.5     250.76196885536712 
89.0     251.32699441166557 
89.5     251.7371397465475 
90.0     252.51639546469602 
90.5     253.4991587483372 
91.0     253.99983767174626 
91.5     254.5565874441461 
92.0     255.78409508535762 
92.5     256.84220160018856 
93.0     257.62295630329095 
93.5     258.21818500976013 
94.0     258.8806138960788 
94.5     259.6709443441007 
95.0     261.13775022685553 
95.5     262.0840456869255 
96.0     263.55842202897463 
96.5     264.6767899808654 
97.0     265.6764762686838 
97.5     266.5824093608512 
98.0     267.80743737290607 
98.5     268.8216237989441 
99.0     269.8586301173352 
99.5     270.39407006268266 
100.0     271.44566737378375 
